3.
14159265358979323846264338327950288419716939937510582097494459230781640628620899
86280348253421170679821480865132823066470938446095505822317253594081284811174502
84102701938521105559644622948954930381964428810975665933446128475648233786783165
27120190914564856692346034861045432664821339360726024914127372458700660631558817
48815209209628292540917153643678925903600113305305488204665213841469519415116094
33057270365759591953092186117381932611793105118548074462379962749567351885752724
89122793818301194912983367336244065664308602139494639522473719070217986094370277
05392171762931767523846748184676694051320005681271452635608277857713427577896091
73637178721468440901224953430146549585371050792279689258923542019956112129021960
86403441815981362977477130996051870721134999999837297804995105973173281609631859
50244594553469083026425223082533446850352619311881710100031378387528865875332083
81420617177669147303598253490428755468731159562863882353787593751957781857780532
17122680661300192787661119590921642019893809525720106548586327886593615338182796
82303019520353018529689957736225994138912497217752834791315155748572424541506959
50829533116861727855889075098381754637464939319255060400927701671139009848824012
85836160356370766010471018194295559619894676783744944825539774726847014155351004
